#график O0
#N       1       2       4       8       16      32      64      128
#250     49      24      14      18      15      14      20      36
#500     450     221     114     112     118     116     150     179
#750     1875    911     461     517     552     530     593     697
#1000    7235    3516    1741    1750    1688    1644    1735    2192
#1250    16098   7059    3167    2980    2634    2411    2559    2793
#1500    14870   7575    3968    3492    3786    4041    3748    4464
#1750    35304   17598   9243    8083    8111    9104    8513    8839
#2000    49285   23415   12738   12598   13084   12933   12826   13633
#2250    83488   40720   21436   20290   20040   20371   20088   21094
#2500    135124  65072   34585   36131   36678   37830   35583   39178

#график O2
#N       1       2       4       8       16      32      64      128
#250     17      5       4       3       5       5       7       11
#500     131     70      34      43      40      40      39      68
#750     1115    567     294     511     533     509     529     598
#1000    6681    3287    1678    1667    1719    1677    1708    2097
#1250    13032   6671    3383    3389    3442    3871    3810    4005
#1500    24299   12463   7048    6554    6608    6262    6434    7184
#1750    37538   18782   9655    9739    6609    3520    3502    2578
#2000    14458   6622    3380    3066    3531    4280    3834    3833
#2250    20795   9709    4836    5678    6599    6819    6165    6368
#2500    23967   11306   5581    6761    7501    8951    7482    7722

#график O3
#N      1       2       4       8       16      32      64      128
250     16      9       4       4       4       6       7       10
500     138     67      50      36      41      41      44      69
750     1121    574     317     510     531     507     518     578
1000    6467    3269    1679    1680    1704    1674    1767    2106
1250    13049   6592    3359    3373    3381    3401    3509    3967
1500    24263   12319   6071    6089    6335    6286    6128    6950
1750    37385   19254   9961    10446   10425   10231   10348   10899
2000    53881   27451   14525   14719   15018   14820   14825   15870
2250    78885   40147   22188   22474   22570   23115   23493   24392
2500    113964  60684   31576   32889   32507   33092   31944   34834
